function F = model_spectrum( a,xdata )
%UNTITLED2 Summary of this function goes here
%   Detailed exdataplanation goes here
 temperature = 304.15;
 integration_time = 1./15;
F = 27875976884861368019686522917955130027505434715/113078212145816597093331040047546785012958969400039613319782796882727665664.*temperature./pi./integration_time.^2.*xdata.^3./(4816437861622157/4503599627370496.*(a(1)).*xdata.^2+5151007104157705./4503599627370496.*(a(2)).*xdata.^4).^3.*((602054732702769625./2328696403508554.*(a(1)).*xdata.^2+643875888019713125./2328696403508554.*(a(2)).*xdata.^4).*integration_time./xdata+exp((-602054732702769625./2328696403508554.*(a(1)).*xdata.^2-643875888019713125./2328696403508554.*(a(2)).*xdata.^4).*integration_time./xdata)-1)+29851504503965847925354055635351390910053567435./56539106072908298546665520023773392506479484700019806659891398441363832832.*temperature./pi./integration_time.^2.*xdata.^3./(3375119391557767./1125899906842624.*(a(1)).*xdata.^2+5058811550670793./562949953421312.*(a(2)).*xdata.^4).^3.*((675023878311553400./1559496659010233.*(a(1)).*xdata.^2+2023524620268317200./1559496659010233.*(a(2)).*xdata.^4).*integration_time./xdata+exp((-675023878311553400./1559496659010233.*(a(1)).*xdata.^2-2023524620268317200./1559496659010233.*(a(2)).*xdata.^4).*integration_time./xdata)-1)+13216177793986403278477768978236182487742188595./28269553036454149273332760011886696253239742350009903329945699220681916416.*temperature./pi./integration_time.^2.*xdata.^3./(7844301334923487./562949953421312.*(a(1)).*xdata.^2+1707885594978209./8796093022208.*(a(2)).*xdata.^4).^3.*((784430133492348700./840566387252587.*(a(1)).*xdata.^2+10930467807860537600./840566387252587.*(a(2)).*xdata.^4).*integration_time./xdata+exp((-784430133492348700./840566387252587.*(a(1)).*xdata.^2-10930467807860537600./840566387252587.*(a(2)).*xdata.^4).*integration_time./xdata)-1)+18479460224682247805707570423683430840847347905./226156424291633194186662080095093570025917938800079226639565593765455331328.*temperature./pi./integration_time.^2.*xdata.^3./(7206984303956217./140737488355328.*(a(1)).*xdata.^2+720820941233925./274877906944.*(a(2)).*xdata.^4).^3.*((2882793721582486800./1611393727821037.*(a(1)).*xdata.^2+147624128764707840000./1611393727821037.*(a(2)).*xdata.^4).*integration_time./xdata+exp((-2882793721582486800./1611393727821037.*(a(1)).*xdata.^2-147624128764707840000./1611393727821037.*(a(2)).*xdata.^4).*integration_time./xdata)-1)+187721319900814691551178886958946645927508125./113078212145816597093331040047546785012958969400039613319782796882727665664.*temperature./pi./integration_time.^2.*xdata.^3./(5657289769229875./35184372088832.*(a(1)).*xdata.^2+1776630372431643./68719476736.*(a(2)).*xdata.^4).^3.*((707161221153734375./223074084249452.*(a(1)).*xdata.^2+28426085958906288000./55768521062363.*(a(2)).*xdata.^4).*integration_time./xdata+exp((-707161221153734375./223074084249452.*(a(1)).*xdata.^2-28426085958906288000./55768521062363.*(a(2)).*xdata.^4).*integration_time./xdata)-1);

end

